{"global_id": "0fqX614OH1YO1Njdxms2$Q", "ifc_class": "IfcBeam", "name": "girder", "tag": "454425.1027891.979946.932084.902513", "predefined_type": null, "placement": {"matrix_4x4": [[0.7071067811865472, 0.707106781186548, 5.962308835950014e-17, 7748.223304703296], [0.0, 1.0292377350416109e-17, -1.0, 4900.000000000046], [-0.707106781186548, 0.7071067811865472, -4.506746872148008e-17, 2344.6699141101185], [0.0, 0.0, 0.0, 1.0]], "xyz": [7748.223304703296, 4900.000000000046, 2344.6699141101185]}, "materials": ["wood_spruce_beam"], "psets": {"Pset_BeamCommon": {"Status": ["UNSET"], "IsExternal": false, "LoadBearing": true, "id": 213}, "Qto_BeamBaseQuantities": {"NetVolume": 0.05400000000000011, "Length": 2699.9999999999427, "CrossSectionArea": 0.020000000000000465, "id": 222}}}
{"global_id": "0rh7bRO0L9fg1NzgGKU$Ut", "ifc_class": "IfcBeam", "name": "girder", "tag": "454425.1027891.979946.932084.902515", "predefined_type": null, "placement": {"matrix_4x4": [[-0.7071067811865479, -0.7071067811865472, -5.551115123125783e-17, 5968.933982822033], [6.700788708272326e-17, 1.1496735851465466e-17, -1.0, 3099.999999999951], [0.7071067811865472, -0.7071067811865479, 3.925231146709433e-17, 4123.959235991431], [0.0, 0.0, 0.0, 1.0]], "xyz": [5968.933982822033, 3099.999999999951, 4123.959235991431]}, "materials": ["wood_spruce_beam"], "psets": {"Pset_BeamCommon": {"Status": ["UNSET"], "IsExternal": false, "LoadBearing": true, "id": 240}, "Qto_BeamBaseQuantities": {"NetVolume": 0.1160000000000022, "Length": 5799.999999999974, "CrossSectionArea": 0.02000000000000047, "id": 245}}}
{"global_id": "3roxUKbVv98xiUcl22_T07", "ifc_class": "IfcBeam", "name": "girder", "tag": "454425.1027891.979946.932084.902519", "predefined_type": null, "placement": {"matrix_4x4": [[0.7071067811865472, 0.707106781186548, 3.353798720222179e-16, 7748.223304703296], [-5.551115123125783e-17, -3.3989402217583255e-18, -1.0, 8299.999999999989], [-0.707106781186548, 0.7071067811865472, -3.4018669938152434e-16, 2344.669914110117], [0.0, 0.0, 0.0, 1.0]], "xyz": [7748.223304703296, 8299.999999999989, 2344.669914110117]}, "materials": ["wood_spruce_beam"], "psets": {"Pset_BeamCommon": {"Status": ["UNSET"], "IsExternal": false, "LoadBearing": true, "id": 261}, "Qto_BeamBaseQuantities": {"NetVolume": 0.011999999999998965, "Length": 599.9999999999343, "CrossSectionArea": 0.020000000000000465, "id": 266}}}
{"global_id": "0Lvk$Qa81D5et3l3a4S9Vk", "ifc_class": "IfcBeam", "name": "girder", "tag": "454425.1027891.979946.932084.902516", "predefined_type": null, "placement": {"matrix_4x4": [[0.7071067811865472, 0.707106781186548, 0.0, 6823.2233047033205], [0.0, -1.2490009027033563e-17, -1.0, 4899.999999999989], [-0.707106781186548, 0.7071067811865472, -1.7663540160193257e-17, 3269.6699141100985], [0.0, 0.0, 0.0, 1.0]], "xyz": [6823.2233047033205, 4899.999999999989, 3269.6699141100985]}, "materials": ["wood_spruce_beam"], "psets": {"Pset_BeamCommon": {"Status": ["UNSET"], "IsExternal": false, "LoadBearing": true, "id": 282}, "Qto_BeamBaseQuantities": {"NetVolume": 0.08000000000000046, "Length": 3999.9999999999313, "CrossSectionArea": 0.02000000000000046, "id": 287}}}
{"global_id": "2ddLgAnQf4mBfh5IpUp54U", "ifc_class": "IfcBeam", "name": "girder", "tag": "454425.1027891.979946.932084.902517", "predefined_type": null, "placement": {"matrix_4x4": [[1.0, 8.881784197001246e-16, 5.551115123125783e-17, 5050.000000000018], [5.551115123125783e-17, 2.5501968918782793e-32, -1.0, 3099.999999999945], [-8.881784197001246e-16, 1.0, -2.3801837657530415e-32, 5025.735931288089], [0.0, 0.0, 0.0, 1.0]], "xyz": [5050.000000000018, 3099.999999999945, 5025.735931288089]}, "materials": ["wood_spruce_beam"], "psets": {"Pset_BeamCommon": {"Status": ["UNSET"], "IsExternal": false, "LoadBearing": true, "id": 303}, "Qto_BeamBaseQuantities": {"NetVolume": 0.11600000000000217, "Length": 5799.999999999974, "CrossSectionArea": 0.020000000000000465, "id": 308}}}
